Webots Project File version R2023b
perspectives: 000000ff00000000fd00000002000000010000011c00000397fc0200000001fb0000001400540065007800740045006400690074006f00720100000016000003970000004100ffffff00000003000007800000005dfc0100000001fb0000001a0043006f006e0073006f006c00650041006c006c0041006c006c0100000000000007800000006900ffffff000006620000039700000001000000020000000100000008fc00000000
simulationViewPerspectives: 000000ff0000000100000002000000fc000003840100000002010000000100
sceneTreePerspectives: 000000ff00000001000000030000001e0000022b000000fa0100000002010000000200
maximizedDockId: -1
centralWidgetVisible: 1
orthographicViewHeight: 1
textFiles: -1
consoles: Console:All:All
renderingDevicePerspectives: Fruit CTRL:camera;1;0.833155;0.21567;0
renderingDevicePerspectives: UR5e:camera;1;0.835;0.391709;0
